3
3
111 1 1
222 2 4
333 1 1
444 2 7
555 4 6
666 2 9

111 333 222
444 555 666




2
2
182 10 8
151 9 4
156 2 2
163 7 3

151 156
182 163




2
3
114 10 3
169 12 2
147 6 6
146 11 10
108 4 8

169 114
147 146 108




4
3
594 4 6
363 2 8
210 12 5
126 10 2
459 6 9
194 3 4
387 7 7

594 363 126 194
210 459 387




4
3
594 1 2
363 2 1
210 2 3
126 2 2
459 6 9
194 3 4
387 7 7

594 363 126 210
459 194 387




4
3
594 1 2
363 1 1
210 2 2
126 3 2
459 6 8
194 3 9
387 7 8

594 363 210 126
459 194 387




5
5
590 7 6
517 3 1
551 11 9
297 6 3
166 12 2
121 1 5
178 5 8
524 10 10
112 2 7
137 8 4

590 517 297 166 121
551 178 524 112 137




13
11
221 1 6
373 11 1
310 11 5
424 12 8
156 3 9
553 7 4
337 4 1
472 4 4
327 8 3
397 4 3
575 4 6
112 4 5
515 9 9
491 8 2
108 12 4
144 8 1
447 10 1
550 5 10
171 5 9
519 3 3
382 8 4
502 9 1
573 9 4
292 1 8

221 373 310 156 553 337 472 327 397 575 112 515 144
424 491 108 447 550 171 519 382 502 573 292




13
15
332 2 3
595 1 9
435 6 1
484 5 1
509 5 2
450 3 3
196 1 1
316 6 1
381 1 6
220 9 1
258 2 4
113 6 1
137 2 4
173 12 8
367 9 8
106 9 8
592 9 9
141 8 10
341 12 7
144 7 10
399 11 9
270 13 5
388 8 9
239 5 10
524 9 9
283 12 10
547 20 10
417 5 10

332 595 435 484 450 196 316 381 220 258 113 137 509
173 367 106 592 141 341 144 399 270 388 239 524 283 547 417




1
1
223 5 3
532 2 7

532
223
